X	Y
0	-7526430.500
1	-7407634.500
2	-7364503.000
3	-7403289.000
4	-7442323.000
5	-7475662.500
6	-7433433.500
7	-7320163.500
8	-7174374.500
9	-6996004.500
10	-6758445.000
11	-6466671.500
12	-6132084.000
13	-5746933.000
14	-5341687.500
15	-4910136.500
16	-4483576.500
17	-4062201.250
18	-3770874.000
19	-3607994.000
20	-3594041.750
21	-3731193.500
22	-4065849.250
23	-4594040.500
24	-5225463.500
25	-5955382.000
26	-6583283.000
27	-7111792.000
28	-7532572.500
29	-7847099.000
30	-8047160.500
31	-8132976.000
32	-8188963.500
33	-8211562.000
34	-8213734.500
35	-8189534.000
36	-8205088.000
37	-8255512.000
38	-8357773.500
39	-8503564.000
40	-8685555.000
41	-8911361.000
42	-9149057.000
43	-9404552.000
44	-9671810.000
45	-9948522.000
46	-10170350.000
47	-10343110.000
48	-10486472.000
49	-10602545.000
50	-10690091.000
51	-10748142.000
52	-10791382.000
53	-10822585.000
54	-10860746.000
55	-10895890.000
56	-10918522.000
57	-10933053.000
58	-10949058.000
59	-10961103.000
60	-10969628.000
61	-10978966.000
62	-10973426.000
63	-10959359.000
64	-10945334.000
65	-10935149.000
66	-10932385.000
67	-10939005.000
68	-10934995.000
69	-10909749.000
70	-10887769.000
71	-10868001.000
72	-10833742.000
73	-10779423.000
74	-10742508.000
75	-10728805.000
76	-10715855.000
77	-10698479.000
78	-10678402.000
79	-10656237.000
80	-10614700.000
81	-10553568.000
82	-10485241.000
83	-10413039.000
84	-10341725.000
85	-10266139.000
86	-10182295.000
87	-10089893.000
88	-9995236.000
89	-9894946.000
90	-9775584.000
91	-9641255.000
92	-9502265.000
93	-9357062.000
94	-9202027.000
95	-9040145.000
96	-8863601.000
97	-8671687.000
98	-8494110.000
99	-8331684.000
100	-8128447.500
101	-7883354.000
102	-7660001.500
103	-7458280.000
104	-7257326.500
105	-7054768.500
106	-6924083.000
107	-6871987.000
108	-6845491.500
109	-6842546.500
110	-6869748.000
111	-6926516.500
112	-6969330.000
113	-6993074.500
114	-6978100.000
115	-6924980.000
116	-6804724.000
117	-6620725.500
118	-6402037.500
119	-6148468.500
120	-5811190.000
121	-5399800.000
122	-4953400.500
123	-4470457.000
124	-3984377.750
125	-3497466.250
126	-3081530.750
127	-2740603.250
128	-2642363.250
129	-2781755.000
130	-3108986.750
131	-3628218.000
132	-4234425.000
133	-4918392.500
134	-5604535.500
135	-6288758.000
136	-6847602.500
137	-7280685.500
138	-7549281.500
139	-7649126.000
140	-7741668.500
141	-7829787.500
142	-7843482.500
143	-7787161.500
144	-7749210.000
145	-7731231.000
146	-7747235.500
147	-7797090.000
148	-7927072.000
149	-8133972.500
150	-8357316.000
151	-8591601.000
152	-8854171.000
153	-9150184.000
154	-9423334.000
155	-9662412.000
156	-9881285.000
157	-10080867.000
158	-10239036.000
159	-10350589.000
160	-10458375.000
161	-10554422.000
162	-10617069.000
163	-10653380.000
164	-10682705.000
165	-10705133.000
166	-10735440.000
167	-10767246.000
168	-10774415.000
169	-10754978.000
170	-10767807.000
171	-10805411.000
172	-10816560.000
173	-10800294.000
174	-10789079.000
175	-10781302.000
176	-10783747.000
177	-10800918.000
178	-10810227.000
179	-10805413.000
180	-10779471.000
181	-10729306.000
182	-10706862.000
183	-10725271.000
184	-10714816.000
185	-10674346.000
186	-10651519.000
187	-10643282.000
188	-10607070.000
189	-10546822.000
190	-10509558.000
191	-10498387.000
192	-10475602.000
193	-10435418.000
194	-10376352.000
195	-10301108.000
196	-10229535.000
197	-10162592.000
198	-10085288.000
199	-9994875.000
200	-9894030.000
201	-9780911.000
202	-9668321.000
203	-9557399.000
204	-9442181.000
205	-9321759.000
206	-9182015.000
207	-9022624.000
208	-8852024.000
209	-8667003.000
210	-8465418.000
211	-8245915.000
212	-8034595.500
213	-7830827.500
214	-7648942.500
215	-7483888.000
216	-7297969.000
217	-7098802.500
218	-6927924.000
219	-6787510.000
220	-6687091.000
221	-6623216.500
222	-6643765.500
223	-6747510.000
224	-6829686.000
225	-6888758.000
226	-6938548.500
227	-6979892.500
228	-6954997.000
229	-6866932.500
230	-6735861.500
231	-6564084.000
232	-6321397.000
233	-6009207.000
234	-5647799.500
235	-5233784.000
236	-4719033.000
237	-4097081.750
238	-3565242.500
239	-3126331.000
240	-2782651.250
241	-2537275.500
242	-2537019.500
243	-2784827.250
244	-3161338.750
245	-3668922.250
246	-4291449.000
247	-5031224.000
248	-5716151.500
249	-6339766.000
250	-6849206.000
251	-7234740.000
252	-7483250.500
253	-7590640.500
254	-7669424.500
255	-7718130.500
256	-7706480.000
257	-7628080.500
258	-7569011.000
259	-7525554.000
260	-7514351.000
261	-7537903.500
262	-7600179.000
263	-7701171.500
264	-7870579.500
265	-8112557.500
266	-8392485.000
267	-8708051.000
268	-8979012.000
269	-9217890.000
270	-9449904.000
271	-9675552.000
272	-9881317.000
273	-10063907.000
274	-10224303.000
275	-10357850.000
276	-10442323.000
277	-10489621.000
278	-10518077.000
279	-10529878.000
280	-10534692.000
281	-10539916.000
282	-10567534.000
283	-10620584.000
284	-10653504.000
285	-10661116.000
286	-10675207.000
287	-10697579.000
288	-10701207.000
289	-10677641.000
290	-10674663.000
291	-10688379.000
292	-10677718.000
293	-10647372.000
294	-10642113.000
295	-10658030.000
296	-10658856.000
297	-10643967.000
298	-10625994.000
299	-10598206.000
300	-10573069.000
301	-10544720.000
302	-10526285.000
303	-10512414.000
304	-10475580.000
305	-10409770.000
306	-10378347.000
307	-10379451.000
308	-10368659.000
309	-10345471.000
310	-10317152.000
311	-10286320.000
312	-10232083.000
313	-10151120.000
314	-10073944.000
315	-10008642.000
316	-9925103.000
317	-9822839.000
318	-9739892.000
319	-9671371.000
320	-9579240.000
321	-9462809.000
322	-9334601.000
323	-9189157.000
324	-9040189.000
325	-8883601.000
326	-8725657.000
327	-8562661.000
328	-8383717.000
329	-8184552.000
330	-7972783.000
331	-7746609.500
332	-7515443.000
333	-7279602.500
334	-7061172.000
335	-6866166.000
336	-6696246.500
337	-6547766.500
338	-6441654.500
339	-6382519.000
340	-6394871.000
341	-6476278.500
342	-6574454.500
343	-6686390.500
344	-6770677.500
345	-6829174.000
346	-6855734.000
347	-6844853.500
348	-6798325.000
349	-6715828.500
350	-6580150.000
351	-6390838.500
352	-6077175.000
353	-5626487.500
354	-5148152.500
355	-4627321.000
356	-4063162.000
357	-3467258.750
358	-2929851.250
359	-2448891.750
360	-2140540.000
361	-2000700.375
362	-2059964.500
363	-2317756.250
364	-2777979.750
365	-3435322.750
366	-4122361.750
367	-4844856.500
368	-5502328.000
369	-6096439.000
370	-6574134.500
371	-6940597.500
372	-7225012.000
373	-7429876.000
374	-7526898.000
375	-7516337.500
376	-7490355.000
377	-7448494.500
378	-7362926.500
379	-7234673.000
380	-7173679.500
381	-7183661.000
382	-7225838.000
383	-7296496.000
384	-7436138.000
385	-7642404.000
386	-7876836.000
387	-8135457.000
388	-8408034.000
389	-8690778.000
390	-8958729.000
391	-9211517.000
392	-9452886.000
393	-9683818.000
394	-9863878.000
395	-9995162.000
396	-10098069.000
397	-10169771.000
398	-10246272.000
399	-10325835.000
400	-10386206.000
401	-10422856.000
402	-10454021.000
403	-10478198.000
404	-10483815.000
405	-10478220.000
406	-10484367.000
407	-10505022.000
408	-10532323.000
409	-10559978.000
410	-10564151.000
411	-10551126.000
412	-10560318.000
413	-10593476.000
414	-10584586.000
415	-10534311.000
416	-10525672.000
417	-10550690.000
418	-10557713.000
419	-10544586.000
420	-10542058.000
421	-10554163.000
422	-10546941.000
423	-10520121.000
424	-10502585.000
425	-10483928.000
426	-10464064.000
427	-10449548.000
428	-10434318.000
429	-10414330.000
430	-10383500.000
431	-10343690.000
432	-10305838.000
433	-10274293.000
434	-10248150.000
435	-10229051.000
436	-10191623.000
437	-10131283.000
438	-10056100.000
439	-9963761.000
440	-9896872.000
441	-9853430.000
442	-9782954.000
443	-9689547.000
444	-9585524.000
445	-9469169.000
446	-9371602.000
447	-9297572.000
448	-9178936.000
449	-9016833.000
450	-8846235.000
451	-8669730.000
452	-8502820.000
453	-8346924.000
454	-8176751.500
455	-7988338.500
456	-7785706.500
457	-7571050.000
458	-7339509.000
459	-7092534.000
460	-6880310.000
461	-6701366.500
462	-6564854.500
463	-6463287.000
464	-6424695.000
465	-6445558.500
466	-6519733.500
467	-6644086.000
468	-6749046.000
469	-6839542.000
470	-6919925.500
471	-6990067.500
472	-7031541.000
473	-7035188.500
474	-7017398.000
475	-6982646.000
476	-6868790.000
477	-6676020.500
478	-6398773.500
479	-6035510.000
480	-5568054.500
481	-4991736.500
482	-4385081.500
483	-3752698.250
484	-3183094.500
485	-2673904.500
486	-2327223.500
487	-2138299.250
488	-2114492.250
489	-2260796.250
490	-2590965.750
491	-3100658.750
492	-3731125.500
493	-4484981.500
494	-5167416.500
495	-5777911.500
496	-6306615.000
497	-6752502.500
498	-7096310.000
499	-7336373.500
500	-7474805.000
501	-7514549.500
502	-7518581.500
503	-7491445.000
504	-7416176.000
505	-7303282.000
506	-7222516.500
507	-7174003.000
508	-7125618.500
509	-7084465.000
510	-7107121.500
511	-7186703.500
512	-7302803.000
513	-7457780.000
514	-7685747.500
515	-7978738.000
516	-8255537.000
517	-8511602.000
518	-8771624.000
519	-9043606.000
520	-9285437.000
521	-9482138.000
522	-9670928.000
523	-9862120.000
524	-10008638.000
525	-10107821.000
526	-10188734.000
527	-10252377.000
528	-10303144.000
529	-10345778.000
530	-10370922.000
531	-10379170.000
532	-10417644.000
533	-10486089.000
534	-10517279.000
535	-10509214.000
536	-10504576.000
537	-10505455.000
538	-10525128.000
539	-10565104.000
540	-10576574.000
541	-10563654.000
542	-10556825.000
543	-10557589.000
544	-10559915.000
545	-10556292.000
546	-10565748.000
547	-10585692.000
548	-10586403.000
549	-10582408.000
550	-10583966.000
551	-10596060.000
552	-10592980.000
553	-10574905.000
554	-10562648.000
555	-10556898.000
556	-10535257.000
557	-10499909.000
558	-10475041.000
559	-10464238.000
560	-10454967.000
561	-10451085.000
562	-10433542.000
563	-10401771.000
564	-10367982.000
565	-10336994.000
566	-10311566.000
567	-10282436.000
568	-10234077.000
569	-10169453.000
570	-10130933.000
571	-10112819.000
572	-10052378.000
573	-9939464.000
574	-9851546.000
575	-9792241.000
576	-9726529.000
577	-9651877.000
578	-9562864.000
579	-9461967.000
580	-9353509.000
581	-9231740.000
582	-9131284.000
583	-9054939.000
584	-8905889.000
585	-8684906.000
586	-8494192.000
587	-8330355.000
588	-8172979.000
589	-8019955.500
590	-7811700.000
591	-7542005.000
592	-7280949.500
593	-7023798.000
594	-6823094.500
595	-6677622.500
596	-6592502.500
597	-6575350.500
598	-6582262.500
599	-6610998.500
600	-6685558.500
601	-6812726.500
602	-6954867.000
603	-7112691.500
604	-7223861.500
605	-7290549.500
606	-7340981.500
607	-7378870.000
608	-7389622.000
609	-7370485.500
610	-7271797.500
611	-7093110.000
612	-6832054.500
613	-6478071.000
614	-6088439.000
615	-5653175.500
616	-5112696.500
617	-4462649.500
618	-3869946.250
619	-3335803.000
620	-2943163.250
621	-2695099.500
622	-2588091.750
623	-2626043.750
624	-2824891.500
625	-3191611.000
626	-3632122.500
627	-4144378.000
628	-4716409.000
629	-5341880.000
630	-5912311.500
631	-6433015.000
632	-6869622.500
633	-7224246.000
634	-7500021.500
635	-7697909.000
636	-7827445.000
637	-7896371.500
638	-7896884.000
639	-7823348.500
640	-7737141.000
641	-7630133.000
642	-7520245.000
643	-7403507.500
644	-7337329.000
645	-7318318.500
646	-7302314.000
647	-7290534.000
648	-7339490.000
649	-7447201.000
650	-7617764.000
651	-7853090.000
652	-8097953.000
653	-8355747.000
654	-8603297.000
655	-8840475.000
656	-9075470.000
657	-9308467.000
658	-9509258.000
659	-9691627.000
660	-9839780.000
661	-9947556.000
662	-10066013.000
663	-10190026.000
664	-10275417.000
665	-10326634.000
666	-10371832.000
667	-10411354.000
668	-10432479.000
669	-10440158.000
670	-10472263.000
671	-10532753.000
672	-10560504.000
673	-10566051.000
674	-10574621.000
675	-10589907.000
676	-10610046.000
677	-10630119.000
678	-10665779.000
679	-10709195.000
680	-10722781.000
681	-10709390.000
682	-10689906.000
683	-10673692.000
684	-10682741.000
685	-10710378.000
686	-10735783.000
687	-10753118.000
688	-10744552.000
689	-10715903.000
690	-10704946.000
691	-10701112.000
692	-10689039.000
693	-10673053.000
694	-10670358.000
695	-10685957.000
696	-10672320.000
697	-10645201.000
698	-10654936.000
699	-10683717.000
700	-10678428.000
701	-10637616.000
702	-10612463.000
703	-10606625.000
704	-10595854.000
705	-10572802.000
706	-10552928.000
707	-10539443.000
708	-10507678.000
709	-10451095.000
710	-10407960.000
711	-10376417.000
712	-10340342.000
713	-10303659.000
714	-10276800.000
715	-10258146.000
716	-10222732.000
717	-10171807.000
718	-10100020.000
719	-10009622.000
720	-9922121.000
721	-9841968.000
722	-9767475.000
723	-9699735.000
724	-9613789.000
725	-9510157.000
726	-9381684.000
727	-9224320.000
728	-9085395.000
729	-8961576.000
730	-8794093.000
731	-8581548.000
732	-8369902.500
733	-8164019.500
734	-7950453.000
735	-7730418.000
736	-7525810.500
737	-7337014.000
738	-7182902.000
739	-7061238.500
740	-7014198.500
741	-7037430.500
742	-7071542.500
743	-7116598.000
744	-7205110.000
745	-7335478.000
746	-7449653.500
747	-7551157.500
748	-7668213.500
749	-7801589.000
750	-7911348.500
751	-7994676.500
752	-8041076.500
753	-8053363.500
754	-7992819.000
755	-7854645.000
756	-7668341.000
757	-7427829.500
758	-7088885.500
759	-6654006.000
760	-6179703.000
761	-5670391.500
762	-5168056.500
763	-4673337.000
764	-4228025.500
765	-3829882.000
766	-3595770.500
767	-3533626.500
768	-3555898.500
769	-3663226.500
770	-3916474.000
771	-4311097.500
772	-4748921.000
773	-5226104.500
774	-5709816.000
775	-6195959.000
776	-6660662.500
777	-7099062.000
778	-7464309.500
779	-7749940.500
780	-7998516.500
781	-8220785.500
782	-8354735.000
783	-8399728.000
784	-8425645.000
785	-8434157.000
786	-8377131.000
787	-8251754.000
788	-8133226.000
789	-8018984.500
790	-7890412.000
791	-7750446.500
792	-7672368.500
793	-7651952.500
794	-7647919.500
795	-7662638.000
796	-7750766.000
797	-7910257.500
798	-8097139.000
799	-8316722.000
800	-8522224.000
801	-8712871.000
802	-8929124.000
803	-9169175.000
804	-9400552.000
805	-9624932.000
806	-9819713.000
807	-9979568.000
808	-10139053.000
809	-10301844.000
810	-10430592.000
811	-10524975.000
812	-10601873.000
813	-10650981.000
814	-10720954.000
815	-10813525.000
816	-10861562.000
817	-10867404.000
818	-10881778.000
819	-10902301.000
820	-10926927.000
821	-10956972.000
822	-10980983.000
823	-10999993.000
824	-11016728.000
825	-11020528.000
826	-11025559.000
827	-11027087.000
828	-11046668.000
829	-11076092.000
830	-11081545.000
831	-11070797.000
832	-11059281.000
833	-11050311.000
834	-11054983.000
835	-11066177.000
836	-11072860.000
837	-11073697.000
838	-11064274.000
839	-11049174.000
840	-11055228.000
841	-11075389.000
842	-11077239.000
843	-11060102.000
844	-11039241.000
845	-11007908.000
846	-10999863.000
847	-11013743.000
848	-10992926.000
849	-10939513.000
850	-10920929.000
851	-10942300.000
852	-10952892.000
853	-10951175.000
854	-10951993.000
855	-10959014.000
856	-10958952.000
857	-10948099.000
858	-10919344.000
859	-10868343.000
860	-10827336.000
861	-10800736.000
862	-10783292.000
863	-10776580.000
864	-10765114.000
865	-10750251.000
866	-10717534.000
867	-10675680.000
868	-10634114.000
869	-10597538.000
870	-10552642.000
871	-10496140.000
872	-10450423.000
873	-10411407.000
874	-10356362.000
875	-10282581.000
876	-10203739.000
877	-10117525.000
878	-10041555.000
879	-9971955.000
880	-9879885.000
881	-9764999.000
882	-9656584.000
883	-9556352.000
884	-9430247.000
885	-9275189.000
886	-9093392.000
887	-8888355.000
888	-8667312.000
889	-8429488.000
890	-8194098.000
891	-7967093.000
892	-7795765.000
893	-7678965.000
894	-7555189.500
895	-7417077.500
896	-7368309.500
897	-7414453.500
898	-7460725.500
899	-7507701.500
900	-7592117.500
901	-7711285.500
902	-7809524.500
903	-7886069.000
904	-8002675.500
905	-8160308.000
906	-8290483.500
907	-8395507.000
908	-8470834.000
909	-8516401.000
910	-8541169.000
911	-8544113.000
912	-8473327.000
913	-8329137.000
914	-8114418.500
915	-7837492.500
916	-7495349.500
917	-7090998.000
918	-6636726.500
919	-6139255.500
920	-5690040.000
921	-5291768.000
922	-4900984.500
923	-4510585.000
924	-4258361.500
925	-4140793.500
926	-4117433.500
927	-4190009.750
928	-4371257.500
929	-4669945.000
930	-5036280.500
931	-5475320.000
932	-5889527.500
933	-6284599.000
934	-6691254.500
935	-7102262.000
936	-7485877.000
937	-7848436.500
938	-8144948.500
939	-8379827.000
940	-8581356.000
941	-8743594.000
942	-8846314.000
943	-8879402.000
944	-8892838.000
945	-8881961.000
946	-8824296.000
947	-8718573.000
948	-8595502.000
949	-8447535.000
950	-8313906.500
951	-8196468.000
952	-8102580.500
953	-8027636.000
954	-7974643.000
955	-7941492.000
956	-7966068.500
957	-8047539.500
958	-8143476.000
959	-8253746.500
960	-8394803.000
961	-8571886.000
962	-8782378.000
963	-9031456.000
964	-9243783.000
965	-9425814.000
966	-9612435.000
967	-9806211.000
968	-9980556.000
969	-10136283.000
970	-10282364.000
971	-10417701.000
972	-10536104.000
973	-10635888.000
974	-10722506.000
975	-10800056.000
976	-10867064.000
977	-10921217.000
978	-10976890.000
979	-11033186.000
980	-11076517.000
981	-11106816.000
982	-11129198.000
983	-11146908.000
984	-11167406.000
985	-11186731.000
986	-11193680.000
987	-11194417.000
988	-11227786.000
989	-11292025.000
990	-11322081.000
991	-11312012.000
992	-11309152.000
993	-11315519.000
994	-11323084.000
995	-11339407.000
996	-11349809.000
997	-11345423.000
998	-11339627.000
999	-11322542.000
1000	-11321120.000
1001	-11347278.000
1002	-11363536.000
1003	-11359890.000
1004	-11362430.000
1005	-11373648.000
1006	-11383794.000
1007	-11379778.000
1008	-11371747.000
1009	-11357241.000
1010	-11360508.000
1011	-11382622.000
1012	-11375214.000
1013	-11339855.000
1014	-11329555.000
1015	-11345805.000
1016	-11360353.000
1017	-11362082.000
1018	-11344722.000
1019	-11316034.000
1020	-11298913.000
1021	-11295128.000
1022	-11296675.000
1023	-11306542.000
1024	-11298233.000
1025	-11272373.000
1026	-11260694.000
1027	-11256683.000
1028	-11252473.000
1029	-11247631.000
1030	-11232688.000
1031	-11215492.000
1032	-11192836.000
1033	-11160929.000
1034	-11130475.000
1035	-11103978.000
1036	-11095811.000
1037	-11087957.000
1038	-11066853.000
1039	-11032160.000
1040	-10993823.000
1041	-10957677.000
1042	-10913761.000
1043	-10859859.000
1044	-10802558.000
1045	-10746466.000
1046	-10703866.000
1047	-10670272.000
1048	-10629380.000
1049	-10578700.000
1050	-10497204.000
1051	-10396345.000
1052	-10328373.000
1053	-10290107.000
1054	-10214303.000
1055	-10092449.000
1056	-9962554.000
1057	-9822115.000
1058	-9655716.000
1059	-9464182.000
1060	-9277727.000
1061	-9094262.000
1062	-8910866.000
1063	-8729376.000
1064	-8556650.000
1065	-8389293.000
1066	-8259248.000
1067	-8160372.000
1068	-8111604.000
1069	-8106164.000
1070	-8123124.500
1071	-8155186.500
1072	-8236017.000
1073	-8360174.000
1074	-8465960.000
1075	-8553318.000
1076	-8674783.000
1077	-8825175.000
1078	-8960276.000
1079	-9069573.000
1080	-9159862.000
1081	-9226869.000
1082	-9295978.000
1083	-9368661.000
1084	-9388543.000
1085	-9352589.000
1086	-9303790.000
1087	-9240882.000
1088	-9085322.000
1089	-8842976.000
1090	-8601132.000
1091	-8355569.000
1092	-8035313.500
1093	-7642483.000
1094	-7250548.500
1095	-6863286.000
1096	-6534774.500
1097	-6263670.500
1098	-6029047.000
1099	-5837494.500
1100	-5689591.000
1101	-5584695.000
1102	-5577975.500
1103	-5667639.500
1104	-5819959.000
1105	-6035895.000
1106	-6284983.000
1107	-6568948.000
1108	-6883380.000
1109	-7230837.500
1110	-7572213.000
1111	-7909363.500
1112	-8213234.500
1113	-8482476.000
1114	-8742055.000
1115	-8997006.000
1116	-9218092.000
1117	-9408589.000
1118	-9552914.000
1119	-9653603.000
1120	-9719239.000
1121	-9749561.000
1122	-9743066.000
1123	-9697383.000
1124	-9649577.000
1125	-9596298.000
1126	-9508449.000
1127	-9384842.000
1128	-9256177.000
1129	-9128849.000
1130	-9029586.000
1131	-8960082.000
1132	-8886294.000
1133	-8815136.000
1134	-8772132.000
1135	-8754086.000
1136	-8782823.000
1137	-8861786.000
1138	-8953561.000
1139	-9055184.000
1140	-9173831.000
1141	-9306215.000
1142	-9454643.000
1143	-9619620.000
1144	-9783120.000
1145	-9932480.000
1146	-10086055.000
1147	-10246020.000
1148	-10402741.000
1149	-10543277.000
1150	-10688272.000
1151	-10834762.000
1152	-10955135.000
1153	-11057293.000
1154	-11132652.000
1155	-11181882.000
1156	-11238053.000
1157	-11304156.000
1158	-11356836.000
1159	-11391178.000
1160	-11420349.000
1161	-11445332.000
1162	-11484582.000
1163	-11532580.000
1164	-11566564.000
1165	-11590197.000
1166	-11613068.000
1167	-11633458.000
1168	-11641522.000
1169	-11639992.000
1170	-11647822.000
1171	-11662656.000
1172	-11679479.000
1173	-11700392.000
1174	-11708774.000
1175	-11708818.000
1176	-11713216.000
1177	-11721853.000
1178	-11733439.000
1179	-11747946.000
1180	-11746394.000
1181	-11726140.000
1182	-11732219.000
1183	-11769199.000
1184	-11784989.000
1185	-11783390.000
1186	-11771765.000
1187	-11758381.000
1188	-11764182.000
1189	-11785247.000
1190	-11802387.000
1191	-11811011.000
1192	-11816316.000
1193	-11817662.000
1194	-11806614.000
1195	-11789935.000
1196	-11794990.000
1197	-11816278.000
1198	-11822835.000
1199	-11813696.000
1200	-11815162.000
1201	-11824476.000
1202	-11815796.000
1203	-11793089.000
1204	-11791418.000
1205	-11810919.000
1206	-11807080.000
1207	-11786230.000
1208	-11770753.000
1209	-11772512.000
1210	-11784065.000
1211	-11807132.000
1212	-11810002.000
1213	-11791235.000
1214	-11783273.000
1215	-11789870.000
1216	-11792509.000
1217	-11779157.000
1218	-11768540.000
1219	-11761510.000
1220	-11751042.000
1221	-11736703.000
1222	-11734600.000
1223	-11741861.000
1224	-11733684.000
1225	-11712953.000
1226	-11705707.000
1227	-11710529.000
1228	-11693468.000
1229	-11653111.000
1230	-11638504.000
1231	-11652107.000
1232	-11653858.000
1233	-11652570.000
1234	-11624051.000
1235	-11570502.000
1236	-11532568.000
1237	-11508904.000
1238	-11477590.000
1239	-11442736.000
1240	-11423017.000
1241	-11411321.000
1242	-11393869.000
1243	-11371692.000
1244	-11341036.000
1245	-11304780.000
1246	-11259517.000
1247	-11198350.000
1248	-11126690.000
1249	-11048208.000
1250	-10956376.000
1251	-10845260.000
1252	-10713298.000
1253	-10563628.000
1254	-10423544.000
1255	-10291108.000
1256	-10163465.000
1257	-10035174.000
1258	-9928935.000
1259	-9846060.000
1260	-9738931.000
1261	-9610352.000
1262	-9529590.000
1263	-9496281.000
1264	-9484866.000
1265	-9493789.000
1266	-9517321.000
1267	-9560319.000
1268	-9606455.000
1269	-9647580.000
1270	-9713653.000
1271	-9803509.000
1272	-9891754.000
1273	-9975438.000
1274	-10054031.000
1275	-10133153.000
1276	-10210085.000
1277	-10281098.000
1278	-10310828.000
1279	-10314501.000
1280	-10615386.000
1281	NaN
